-0.08998469
1.348066
-0.1379396
0.3190967
-0.2885674
0.899616
0.07481477
-0.08937868
1.347586
-0.1385583
0.3190685
-0.2889785
0.8993767
0.07621197
-0.08886981
1.346456
-0.138261
0.3200786
-0.2911429
0.8982698
0.07679096
-0.08817007
1.345596
-0.1390262
0.3212399
-0.2932624
0.8970586
0.07802595
-0.0877113
1.344643
-0.1389814
0.3222158
-0.2950584
0.8959845
0.07955763
-0.08727051
1.343294
-0.1379484
0.3226602
-0.2969105
0.8951229
0.08055772
-0.08663681
1.342096
-0.1379175
0.3220379
-0.2988526
0.8946728
0.08086567
-0.08627638
1.34081
-0.137193
0.3210067
-0.3005933
0.8944249
0.08125519
-0.08601747
1.339075
-0.1356308
0.3193252
-0.302055
0.8944781
0.08187243
-0.08549224
1.337597
-0.1353659
0.3178487
-0.3039107
0.8942882
0.08281974
-0.08522956
1.335887
-0.1342969
0.3169826
-0.306504
0.8936011
0.08399094
-0.08531302
1.333525
-0.131934
0.3163321
-0.3110227
0.8921435
0.08531649
-0.08516501
1.3316
-0.1307648
0.3149588
-0.315093
0.8911045
0.08631442
-0.08528244
1.329614
-0.1289823
0.3125871
-0.3181202
0.8908188
0.08678006
-0.08551182
1.327414
-0.126273
0.3093084
-0.320064
0.8912402
0.08705282
-0.08546703
1.325612
-0.1250885
0.3064198
-0.32069
0.8920123
0.08705702
-0.08571273
1.323646
-0.1232942
0.3036817
-0.321964
0.8925342
0.08659889
-0.08643551
1.321269
-0.1199839
0.3020954
-0.3264699
0.8914206
0.08674709
-0.08671013
1.319356
-0.1181307
0.3005598
-0.3301273
0.8906147
0.0865166
-0.08708562
1.317508
-0.1162412
0.2988185
-0.3339517
0.8898452
0.0857873
-0.08773355
1.315153
-0.1125674
0.2962651
-0.3368829
0.8895954
0.0857727
-0.08788845
1.31363
-0.1116226
0.293733
-0.3359944
0.8907693
0.08578347
-0.0881933
1.311896
-0.1103098
0.2919374
-0.3362496
0.8912264
0.08616409
-0.08884272
1.310071
-0.1083233
0.2924065
-0.3389876
0.8898799
0.08774742
-0.08900499
1.308676
-0.1075675
0.2925704
-0.3415094
0.8887593
0.0887735
-0.0891737
1.30763
-0.1066928
0.2936363
-0.3443958
0.8872914
0.08878717
-0.08930156
1.306894
-0.1058372
0.2935059
-0.3465661
0.8865623
0.08805451
-0.08947061
1.306036
-0.1046003
0.2922258
-0.3473928
0.8867226
0.08743763
-0.08934459
1.306057
-0.1048076
0.2900349
-0.3455103
0.888187
0.08732884
-0.08944872
1.306111
-0.104703
0.2880219
-0.3425696
0.8899571
0.08755539
-0.08921993
1.306726
-0.105562
0.2872097
-0.3404302
0.8910307
0.08764827
-0.08916695
1.307199
-0.1059211
0.287844
-0.3402063
0.8909696
0.08705616
-0.08920534
1.307619
-0.1056104
0.2892438
-0.3419908
0.8899238
0.08611626
-0.08879679
1.308608
-0.1069655
0.2906204
-0.3424157
0.8893564
0.08565292
-0.08865152
1.309111
-0.1074509
0.2914426
-0.3421308
0.8892246
0.08536635
-0.08817777
1.310292
-0.1089824
0.2929886
-0.3393312
0.8897203
0.0860807
-0.08776033
1.311296
-0.1104409
0.2940955
-0.337869
0.8898252
0.08696849
-0.08736449
1.312283
-0.1118382
0.2953288
-0.336713
0.8897664
0.08786968
-0.08684058
1.313274
-0.1125463
0.2967379
-0.3348631
0.8898436
0.08939607
-0.08611217
1.314908
-0.1148753
0.2985333
-0.3321
0.8901545
0.09062247
-0.08547989
1.316375
-0.1166878
0.3004718
-0.3303144
0.8901122
0.0911558
-0.08502129
1.317584
-0.1173422
0.302367
-0.3294823
0.8897673
0.09126672
-0.08414869
1.319266
-0.1196894
0.3039365
-0.3268729
0.8901949
0.09126811
-0.08341703
1.320625
-0.1217807
0.3055077
-0.3242536
0.8905646
0.09175783
-0.08277719
1.321676
-0.1234827
0.3074319
-0.32161
0.8906549
0.09373657
-0.08210112
1.322801
-0.1260982
0.3098212
-0.3192949
0.8903264
0.09685247
-0.08142559
1.323918
-0.1287283
0.3126499
-0.3170097
0.8898076
0.09998714
-0.08079949
1.324886
-0.1308572
0.3155585
-0.3148199
0.8892855
0.1023851
-0.08010893
1.326057
-0.1334286
0.3182654
-0.3121641
0.8891466
0.1033401
-0.07949628
1.327186
-0.1359659
0.3208476
-0.3090602
0.8892056
0.1041738
-0.07902606
1.32805
-0.1382934
0.324036
-0.3061543
0.8889566
0.1050064
-0.07858613
1.328996
-0.1411067
0.3278036
-0.3033957
0.8884686
0.1054484
-0.0781526
1.329432
-0.1439837
0.3327393
-0.3019136
0.8871096
0.1056843
-0.07831839
1.330359
-0.1466199
0.3385078
-0.3014385
0.8850074
0.1063453
-0.07813495
1.330694
-0.1480945
0.3502205
-0.3112452
0.8775625
0.1017649
-0.07878059
1.331327
-0.1510262
0.3586248
-0.3066116
0.8759813
0.1001713
-0.07922369
1.331252
-0.1533308
0.3632021
-0.3055733
0.8744839
0.09993542
-0.07989398
1.33093
-0.1553546
0.3678263
-0.3053077
0.8726002
0.1002992
-0.08115646
1.330093
-0.1571128
0.3705066
-0.3051758
0.8713464
0.1017254
-0.08257422
1.328893
-0.158286
0.3731043
-0.3046033
0.8704535
0.1015911
-0.08415
1.327738
-0.1592684
0.3748486
-0.3032008
0.8702722
0.1009173
-0.08576873
1.326251
-0.1597692
0.3762613
-0.3023539
0.8699554
0.1009323
-0.08718571
1.324747
-0.1597245
0.3778737
-0.3018304
0.8693662
0.1015494
-0.08882603
1.322707
-0.1588918
0.3758192
-0.3027996
0.8697966
0.1025975
-0.0904125
1.320955
-0.1577012
0.3741455
-0.3033014
0.8703868
0.1022261
-0.09267092
1.318895
-0.1537827
0.3706979
-0.3040674
0.8720534
0.09822876
-0.09438428
1.316983
-0.150784
0.3648396
-0.3069392
0.8740367
0.0934896
-0.09616029
1.31501
-0.1478937
0.3593401
-0.3088118
0.8760898
0.08931219
-0.09865001
1.312459
-0.1425897
0.3533094
-0.3124121
0.8776984
0.08495156
-0.1005172
1.309972
-0.1384103
0.3469393
-0.3180041
0.8785315
0.08178647
-0.1024276
1.307364
-0.134083
0.3406419
-0.3225654
0.879632
0.07849994
-0.1042462
1.304664
-0.1299033
0.3353513
-0.3253275
0.8809688
0.07480321
-0.1059549
1.301987
-0.1256147
0.3304243
-0.328927
0.8817551
0.07165829
-0.1075455
1.299314
-0.1213174
0.3264035
-0.33504
0.8812028
0.06848831
-0.1086792
1.296531
-0.1179684
0.3223696
-0.341636
0.8803967
0.0653026
-0.1099241
1.294064
-0.1136311
0.3187436
-0.347611
0.8796177
0.061983
-0.1110923
1.291733
-0.1094391
0.3147871
-0.3520545
0.8794885
0.05887777
-0.1114
1.290015
-0.1062654
0.3110453
-0.3549679
0.8798344
0.05603626
-0.1121094
1.288259
-0.1020812
0.3073345
-0.3588241
0.8797873
0.05258454
-0.1126994
1.286824
-0.09807384
0.3020548
-0.361614
0.8806822
0.04896085
-0.1129294
1.285756
-0.09450924
0.2968846
-0.3641783
0.8815538
0.04578825
-0.1133056
1.284925
-0.09086943
0.2916595
-0.3656162
0.882798
0.04389985
-0.1133046
1.284445
-0.08706254
0.287303
-0.3662508
0.8840207
0.04271641
-0.1133132
1.284273
-0.08363318
0.2846981
-0.3666381
0.8847777
0.04113263
-0.1129566
1.284509
-0.08026075
0.2847387
-0.3691678
0.8838273
0.03857866
-0.1122608
1.285023
-0.07703185
0.2867854
-0.3731223
0.8816419
0.03523437
-0.1113828
1.285168
-0.07314259
0.2882969
-0.3764956
0.8798552
0.03147615
-0.110104
1.286049
-0.07006127
0.2928109
-0.3818483
0.8761721
0.02785959
-0.1080591
1.287028
-0.06627223
0.2955125
-0.3875021
0.8728739
0.02461011
-0.1061994
1.287993
-0.06294769
0.2969645
-0.3912739
0.8707865
0.02116011
-0.1034585
1.289308
-0.05966762
0.2975003
-0.3923889
0.8701841
0.01744282
-0.1004173
1.290407
-0.05652583
0.2974971
-0.3939943
0.8695165
0.0143239
-0.09650639
1.29029
-0.05439815
0.2966146
-0.3986233
0.8677332
0.01258509
-0.09307775
1.290648
-0.05160987
0.2946202
-0.4035018
0.8661317
0.01417909
-0.08921123
1.290621
-0.04776189
0.2905769
-0.4048007
0.8667943
0.01920969
-0.08510326
1.290231
-0.04648206
0.2864267
-0.4044904
0.8681995
0.02401747
-0.08105734
1.290265
-0.04434928
0.2815598
-0.4021003
0.8706695
0.03120992
-0.07677385
1.29028
-0.04161659
0.2781336
-0.4033685
0.8709873
0.03628672
-0.07238044
1.291119
-0.04078203
0.2749097
-0.4047495
0.8711435
0.04137248
-0.06860192
1.291728
-0.03905544
0.272829
-0.4052839
0.8713704
0.04497674
-0.06470165
1.292745
-0.03765574
0.2721152
-0.4059151
0.8711051
0.04860177
-0.06113663
1.294093
-0.03654417
0.2729723
-0.4061598
0.8705762
0.05116101
-0.05776082
1.295725
-0.03552791
0.274842
-0.4056987
0.8701553
0.05196368
-0.05440083
1.297768
-0.03504092
0.2761026
-0.405038
0.8700941
0.05145651
-0.05141266
1.299688
-0.03426051
0.2764704
-0.4037242
0.870582
0.05155459
-0.0494456
1.302296
-0.03455648
0.2758605
-0.3988269
0.8730723
0.05082173
-0.04742639
1.304446
-0.03451785
0.2752645
-0.3964313
0.8743062
0.05157857
-0.04604647
1.306972
-0.03527147
0.2756828
-0.3936326
0.8753497
0.05305918
-0.04504383
1.30966
-0.03625277
0.2775542
-0.389624
0.8764663
0.05443966
-0.04451741
1.312519
-0.03737211
0.2805548
-0.3847005
0.8777
0.05419675
-0.04451865
1.315397
-0.03859299
0.2839188
-0.3817998
0.8780615
0.0512547
-0.04400878
1.318061
-0.03950188
0.2863575
-0.3792698
0.8784692
0.04945491
-0.0457252
1.320914
-0.04138187
0.2904865
-0.3775925
0.878071
0.04508792
-0.04738477
1.323503
-0.04324558
0.2939913
-0.3744139
0.8783498
0.04341638
-0.04895602
1.325988
-0.04493827
0.2971314
-0.3715959
0.878545
0.04228534
-0.0516291
1.328295
-0.04668212
0.3002363
-0.36792
0.8790848
0.04126663
-0.05489632
1.330494
-0.04817897
0.3031041
-0.3635256
0.8800366
0.03889333
-0.05867584
1.332474
-0.04932868
0.3056757
-0.3616534
0.8801072
0.03435905
-0.06291094
1.334213
-0.05015817
0.3071234
-0.3616703
0.8798174
0.0281292
-0.06397414
1.338823
-0.05736825
0.3053378
-0.3611975
0.88075
0.02417917
-0.06828102
1.34033
-0.05841675
0.3043459
-0.3585754
0.8822904
0.01899832
-0.07340588
1.341179
-0.05947694
0.3016226
-0.3554716
0.8845711
0.0140646
-0.07882619
1.341653
-0.06060117
0.2981727
-0.3538911
0.8864264
0.01011565
-0.08409679
1.342206
-0.06183204
0.2950178
-0.3513497
0.8885263
0.006241125
-0.08986799
1.342208
-0.06322727
0.2906677
-0.3485332
0.8910846
0.002257476
-0.0955745
1.342106
-0.06331664
-0.2876784
0.3458524
-0.8930998
0.000345267
-0.1014277
1.341783
-0.06508148
-0.2850864
0.3437101
-0.8947446
0.004608053
-0.1072663
1.341238
-0.06709716
-0.283995
0.3418618
-0.8957689
0.008680736
-0.1130732
1.340577
-0.06933221
-0.2845997
0.3401743
-0.8961737
0.01253645
-0.1187714
1.339995
-0.07155168
-0.2853025
0.3384632
-0.8965359
0.016387
-0.1245515
1.339135
-0.07406476
-0.2869765
0.3367122
-0.8965754
0.02054157
-0.1303789
1.338294
-0.07667834
-0.2885476
0.3337267
-0.8970938
0.02427911
-0.1361838
1.337491
-0.07926232
-0.2904936
0.3314157
-0.8972027
0.02836211
-0.1418199
1.336841
-0.08164078
-0.2926192
0.3298721
-0.8969155
0.03318135
-0.1568718
1.335344
-0.08987975
-0.2950796
0.3260006
-0.8972581
0.03974321
-0.162598
1.334997
-0.09224486
-0.2973344
0.3217067
-0.8977818
0.04566099
-0.1685425
1.334744
-0.09434849
-0.2999289
0.317454
-0.8980574
0.05252145
-0.173906
1.334444
-0.09637231
-0.3026453
0.3146901
-0.8976761
0.05961257
-0.1786137
1.334108
-0.098005
-0.3061264
0.3136787
-0.8962941
0.06744768
-0.1827661
1.333601
-0.09948325
-0.3092102
0.3134044
-0.894865
0.07337208
-0.1863787
1.332565
-0.100963
-0.3114232
0.3124767
-0.8941137
0.07703691
-0.1893094
1.331831
-0.1020861
-0.312907
0.3114686
-0.8937544
0.07924414
-0.1925997
1.330751
-0.1020462
-0.3132849
0.3110973
-0.8936301
0.08059969
-0.1948009
1.329946
-0.1034442
-0.3136067
0.3099634
-0.8937245
0.08264413
-0.1957826
1.329284
-0.1038126
-0.3126988
0.3094364
-0.8941852
0.08307456
-0.1949878
1.32838
-0.1024638
-0.3123934
0.3088512
-0.8946072
0.08184922
-0.1942991
1.327628
-0.1032109
-0.3128324
0.3083789
-0.8947925
0.07990441
-0.1938256
1.327074
-0.1032952
-0.314117
0.3086051
-0.8943875
0.07851323
-0.1915919
1.326537
-0.1022512
-0.3167064
0.3108049
-0.8928999
0.07633583
-0.1888588
1.326095
-0.1024372
-0.3186565
0.3130017
-0.8915962
0.07445939
-0.1856945
1.325734
-0.1015137
-0.3189393
0.3151422
-0.8908913
0.07263481
-0.1815522
1.325216
-0.09999812
-0.3179964
0.3166339
-0.8910332
0.06841973
-0.1771072
1.32456
-0.09968668
-0.3163677
0.3166286
-0.8920764
0.0621086
-0.1729692
1.324027
-0.09873593
-0.3156028
0.3169449
-0.8926314
0.05612461
-0.1673143
1.323565
-0.0975287
-0.3157105
0.3189358
-0.8922771
0.04948126
-0.1616068
1.322824
-0.09675294
-0.3174818
0.3232799
-0.8904203
0.04297725
-0.1561956
1.322252
-0.09511232
-0.3189873
0.3278334
-0.8884574
0.03762598
-0.1503835
1.321099
-0.09146631
-0.3177202
0.3337073
-0.8869091
0.032947
-0.1435758
1.320473
-0.09029508
-0.318112
0.3377457
-0.8854287
0.02736173
-0.1368426
1.319484
-0.08777976
-0.317537
0.3414739
-0.8843847
0.02072537
-0.1286238
1.317858
-0.08308172
-0.3173285
0.3468865
-0.8824986
0.01298601
-0.1212335
1.316754
-0.08122849
-0.3159876
0.3523724
-0.880878
0.006285139
-0.1141547
1.315271
-0.07819021
-0.3144178
0.3586616
-0.8789217
0
-0.106569
1.313264
-0.07449099
0.3107943
-0.3660525
0.8771402
0.006133957
-0.09890431
1.310871
-0.07196957
0.3047995
-0.371394
0.8768998
0.0145043
-0.09174255
1.308566
-0.06890154
0.2988319
-0.3751816
0.8771436
0.02361043
-0.08476384
1.305669
-0.0658972
0.2915782
-0.3785974
0.8777321
0.03510917
-0.07845131
1.302629
-0.06220195
0.2866408
-0.3816678
0.8774738
0.04697328
-0.07200402
1.299862
-0.05911326
0.2827113
-0.3859165
0.8762995
0.05693818
-0.06588283
1.29726
-0.056802
0.2806723
-0.3912457
0.8740375
0.0648715
-0.06027728
1.294466
-0.05341738
0.2781735
-0.3988912
0.870966
0.07016835
-0.05479664
1.291788
-0.05007884
0.2741491
-0.40566
0.8686706
0.07545673
-0.05025232
1.289192
-0.04680571
0.2683669
-0.4098285
0.8681039
0.0800971
-0.04617503
1.286631
-0.0437392
0.2622809
-0.4116982
0.8684969
0.0861768
-0.0420185
1.284096
-0.04073161
0.2572541
-0.4141344
0.8681887
0.09252729
-0.03907329
1.281812
-0.03795853
0.2540617
-0.416421
0.8675423
0.09703868
-0.03529811
1.278156
-0.03512305
0.250876
-0.4208394
0.8658565
0.1012324
-0.03203824
1.27596
-0.03230917
0.2465759
-0.4242766
0.8650033
0.1046855
-0.02792424
1.27479
-0.03286338
0.2406277
-0.4244503
0.8662177
0.1077367
-0.02624324
1.273555
-0.03133374
0.2333261
-0.4194847
0.8701419
0.1115552
-0.02418911
1.272128
-0.029715
0.227709
-0.4166977
0.872307
0.1165857
-0.0230324
1.271322
-0.02876991
0.2233965
-0.4133274
0.8742622
0.1221481
-0.02216579
1.271038
-0.02809471
0.2211585
-0.410769
0.8754511
0.126266
-0.02151619
1.27136
-0.02766851
0.219886
-0.4090172
0.8763622
0.1278451
-0.02114025
1.272377
-0.02756241
0.2189791
-0.406804
0.8777601
0.1268695
-0.02073544
1.27346
-0.02749398
0.2182834
-0.4041135
0.8792811
0.1261325
-0.02121097
1.275787
-0.02827272
0.2196577
-0.4001196
0.8810872
0.1238557
-0.02207464
1.278725
-0.02945217
0.2226983
-0.3956687
0.8826638
0.1214763
-0.02316192
1.282284
-0.03092074
0.2275247
-0.3912494
0.8839009
0.1177949
-0.02404429
1.285764
-0.03221065
0.2323652
-0.3872417
0.8849754
0.1134408
-0.02558228
1.291049
-0.03424749
0.2411359
-0.3830859
0.8856985
0.1031353
-0.02666134
1.295479
-0.03587529
0.2472323
-0.3791099
0.8866253
0.09511769
-0.02809942
1.300723
-0.03803015
0.2537573
-0.3745909
0.8877643
0.08463778
-0.0297114
1.306037
-0.04056337
0.2589671
-0.3690964
0.8893957
0.0753606
-0.03154205
1.311406
-0.04356289
0.2644411
-0.3608373
0.8917654
0.06798418
-0.03332819
1.316553
-0.04655987
0.2703777
-0.3528626
0.893648
0.06145789
-0.03537108
1.321913
-0.05017185
0.2781367
-0.3451169
0.894679
0.05553247
-0.03747541
1.327247
-0.05375388
0.2872666
-0.3383273
0.8947716
0.04895217
-0.03953214
1.332425
-0.05706063
0.2961009
-0.3315476
0.894806
0.04150463
-0.04182488
1.337536
-0.06033203
0.3055206
-0.326416
0.8938878
0.03277923
-0.0442034
1.342341
-0.06326467
0.311958
-0.3219875
0.893558
0.0236744
-0.04672484
1.34676
-0.06609833
0.3145503
-0.3159001
0.8950109
0.01485401
-0.04931124
1.350939
-0.06893042
0.3167697
-0.3090803
0.8967035
0.00701028
-0.05231613
1.354206
-0.07160774
0.3161149
-0.3030957
0.8989998
0.001941647
-0.05561559
1.35639
-0.07399321
0.3140826
-0.2974088
0.9016097
0.0003662109
-0.05878498
1.35846
-0.07627875
-0.3136693
0.2927319
-0.9032812
0.001655842
-0.05924097
1.369816
-0.07675689
-0.3128869
0.2920043
-0.9037883
0.001428796
-0.06236935
1.371792
-0.07872981
-0.3131213
0.2896476
-0.9044568
0.004145002
-0.06566337
1.372771
-0.08031225
-0.3131332
0.2895097
-0.9044835
0.006438558
-0.06912854
1.372828
-0.08154684
-0.3132365
0.2901702
-0.904218
0.008599678
-0.07242846
1.373497
-0.082977
-0.3137802
0.2897135
-0.904144
0.01147786
-0.07574108
1.373348
-0.08389461
-0.3142005
0.2907555
-0.9036216
0.0144043
-0.07895882
1.372933
-0.08455592
-0.3139649
0.2909094
-0.9035953
0.01770062
-0.08208349
1.37222
-0.08502823
-0.3124819
0.2892916
-0.9045385
0.02181032
-0.08516039
1.370992
-0.08544654
-0.3103696
0.2876057
-0.9056692
0.02677684
-0.09093939
1.368541
-0.08316618
-0.3094248
0.2866417
-0.9061078
0.03258043
-0.09401929
1.366626
-0.08350986
-0.3085935
0.2882995
-0.9057157
0.03650413
-0.1139633
1.360965
-0.08786088
-0.3107943
0.2922688
-0.903613
0.03833338
-0.117586
1.356852
-0.08689159
-0.3123073
0.2962033
-0.9018161
0.03814946
-0.1205026
1.352751
-0.08657074
-0.3132817
0.3007505
-0.9000249
0.03686362
-0.123428
1.348873
-0.08610332
-0.3131136
0.3048239
-0.8987148
0.03679504
-0.1260354
1.344312
-0.08500123
-0.3110547
0.3077205
-0.8984009
0.03780003
-0.1287042
1.339792
-0.08396006
-0.3083296
0.3101046
-0.8984246
0.04001747
-0.1310045
1.334342
-0.08237231
-0.3035892
0.3144416
-0.8983879
0.04311882
-0.1338189
1.326756
-0.07912564
-0.299745
0.3205759
-0.8974263
0.04483522
-0.1358553
1.320824
-0.07753575
-0.295772
0.3272156
-0.8964105
0.04355704
-0.1375663
1.313919
-0.0749982
-0.2900797
0.3344356
-0.8958153
0.03900696
-0.138698
1.307255
-0.0729486
-0.2820053
0.3378967
-0.8973168
0.03348801
-0.1394865
1.300367
-0.07085723
-0.2729529
0.3397154
-0.8996252
0.02765209
-0.1407308
1.293835
-0.06901529
-0.2667112
0.3434919
-0.9001705
0.02390615
-0.1418555
1.28697
-0.06714427
-0.262351
0.3490909
-0.8993806
0.02054701
-0.1429312
1.280265
-0.06520081
-0.2602629
0.3582009
-0.8964804
0.0166826
-0.1440565
1.273382
-0.06188962
-0.2587129
0.3671008
-0.8933887
0.01269473
-0.1449976
1.267378
-0.05964568
-0.2575977
0.3749968
-0.8904748
0.008685026
-0.1455441
1.262523
-0.05702579
-0.2545669
0.3822141
-0.8882928
0.006633485
-0.1462308
1.257724
-0.05456614
-0.2498046
0.3859755
-0.8880281
0.00515738
-0.146337
1.252822
-0.05259797
-0.2426445
0.3843642
-0.8907012
0.006256625
-0.146787
1.249105
-0.0503411
-0.2366525
0.3856769
-0.8917339
0.007719439
-0.1469422
1.246333
-0.04788068
-0.2315293
0.3886203
-0.8917823
0.009626542
-0.1470959
1.244151
-0.04658225
-0.2295519
0.3907776
-0.8913562
0.009103861
-0.1470421
1.242522
-0.04569834
-0.2301671
0.3938352
-0.8898752
0.006251859
-0.1462615
1.241318
-0.04499346
-0.2308491
0.3975174
-0.888077
0.002820855
-0.1456961
1.24133
-0.04450125
-0.2313632
0.3981579
-0.8876605
0.0005033088
-0.145375
1.240531
-0.04368129
0.2304285
-0.3987719
0.8876272
0.001297625
-0.1438528
1.243426
-0.04419678
0.2279536
-0.3922334
0.8911707
0.002210787
-0.1428523
1.246197
-0.04461899
0.2262019
-0.3876557
0.8936174
0.001922365
-0.142062
1.247768
-0.04464942
0.2251199
-0.3851298
0.8949811
0.002227574
-0.1403125
1.253149
-0.04632851
0.228037
-0.3804122
0.8962607
0.001563263
-0.1385708
1.257951
-0.047741
0.2323509
-0.37628
0.8968981
0.0005033088
-0.1365248
1.263146
-0.04945192
-0.2382533
0.3719719
-0.8971452
0.001651337
-0.1343223
1.268601
-0.05153579
-0.2446711
0.3681109
-0.8970022
0.00418436
-0.131855
1.274331
-0.05432531
-0.2503341
0.3640381
-0.8970969
0.005131311
-0.1293566
1.280031
-0.05716854
-0.256629
0.3584657
-0.8975642
0.004740354
-0.1267212
1.28576
-0.06039253
-0.2622699
0.3535669
-0.8978804
0.003981813
-0.1238227
1.291612
-0.06358865
-0.269284
0.3486001
-0.8977528
0.002020623
-0.1208951
1.297398
-0.06681368
-0.2767045
0.3432145
-0.8975735
0.0004882813
-0.1179632
1.303071
-0.06994075
0.2836716
-0.3389437
0.8970212
0.0007425248
-0.1150964
1.308631
-0.07299915
0.2897334
-0.3343821
0.8967943
0.001760523
-0.1123095
1.314044
-0.07595432
0.2952561
-0.3296266
0.8967512
0.002751325
-0.1102888
1.319062
-0.07807314
0.299668
-0.3252535
0.8968853
0.002447502
-0.1078061
1.323972
-0.08072823
0.3035429
-0.3211651
0.8970461
0.004795049
-0.1054001
1.328848
-0.08328742
0.3073477
-0.3167784
0.8972943
0.007189724
-0.1032077
1.333427
-0.08547097
0.3101907
-0.311531
0.8981314
0.009494057
-0.1011064
1.33786
-0.08736122
0.3123372
-0.3069784
0.8989501
0.009923047
-0.09886497
1.342456
-0.08948952
0.3153636
-0.3026999
0.8993374
0.01052923
-0.09695055
1.3457
-0.09229338
0.3168706
-0.3007644
0.8994889
0.007320148
-0.09518418
1.348909
-0.09377581
0.3198522
-0.2994131
0.8988821
0.00757328
-0.09341969
1.352078
-0.09527928
0.3231493
-0.2976607
0.8982747
0.008679019
-0.09147549
1.35445
-0.09607452
0.3277856
-0.2963702
0.8969965
0.01088687
-0.08989684
1.35657
-0.09683532
0.3309551
-0.2948763
0.8963126
0.01184648
-0.08831283
1.358508
-0.09766799
0.3341532
-0.292704
0.8958433
0.01143298
-0.08678275
1.360309
-0.09816277
0.3365603
-0.2915246
0.8953347
0.01078718
-0.08562994
1.360711
-0.09769338
0.3377406
-0.2939593
0.894102
0.01004766
-0.08425975
1.361613
-0.09775013
0.3395534
-0.2956257
0.8928561
0.01081752
-0.08312756
1.36145
-0.0967893
0.3389358
-0.298529
0.892108
0.01209667
-0.08193801
1.360787
-0.09546274
0.3372956
-0.3005076
0.8920532
0.01295557
-0.08064529
1.360239
-0.09436393
0.3362308
-0.3019056
0.8919758
0.01345822
-0.07888404
1.357271
-0.09357798
0.3329806
-0.3037464
0.8925545
0.01444407
-0.07759702
1.354757
-0.09125787
0.329295
-0.3074522
0.8926475
0.0147816
-0.07626995
1.351519
-0.0884974
0.3249821
-0.313139
0.8922279
0.01612253
-0.0746122
1.348085
-0.08604288
0.3196485
-0.3193677
0.8918862
0.01918796
-0.07315233
1.344225
-0.08314633
0.3146318
-0.3250344
0.8915465
0.02245795
-0.07176124
1.339034
-0.07970124
0.3085572
-0.3304432
0.8915403
0.02748778
-0.0698701
1.334514
-0.07758468
0.3017547
-0.3379518
0.8908342
0.03386852
-0.06862326
1.329112
-0.07391098
0.2946526
-0.345978
0.8899264
0.03886076
-0.06753913
1.322785
-0.06963888
0.2848656
-0.3541966
0.8896461
0.04388984
-0.0666205
1.316179
-0.06520891
0.2740209
-0.3612393
0.8899533
0.04900937
-0.06604481
1.309022
-0.06053719
0.2633353
-0.3676824
0.8901659
0.05539787
-0.06549214
1.302469
-0.05622798
0.2545455
-0.3746474
0.889462
0.06085435
-0.06514122
1.295754
-0.05179206
0.2460923
-0.3831342
0.8878581
0.06599106
-0.06570065
1.287912
-0.0448108
0.2378687
-0.3953818
0.8844689
0.06932863
-0.06562515
1.281218
-0.04024845
0.2283463
-0.4041757
0.8827315
0.07269807
-0.0658785
1.274615
-0.0360162
0.2180934
-0.4092477
0.8828124
0.07479256
-0.06650218
1.268065
-0.03233585
0.2095927
-0.4142305
0.8822495
0.07822955
-0.06748763
1.261702
-0.0290924
0.2036471
-0.4222319
0.8793236
0.08389384
-0.06839097
1.255534
-0.02588108
0.1984614
-0.4299433
0.8762556
0.08909485
-0.06955814
1.250048
-0.02318105
0.195405
-0.4376715
0.8726728
0.09328873
-0.0705034
1.24475
-0.02033275
0.1910989
-0.4444113
0.8699142
0.09606879
-0.07172285
1.240957
-0.01827696
0.1870637
-0.4471516
0.8695667
0.09442658
-0.07289545
1.236701
-0.01604962
0.1823397
-0.4502945
0.868962
0.0942978
-0.07450907
1.233448
-0.01467484
0.1794363
-0.4526671
0.8683863
0.09380958
-0.07532123
1.229708
-0.013096
0.1769987
-0.4563491
0.8667148
0.09603327
-0.07734469
1.227562
-0.01232192
0.1751854
-0.4590656
0.8654178
0.09808652
-0.07981446
1.225971
-0.01061222
0.1720187
-0.4601568
0.8653824
0.09888744
-0.08166975
1.224745
-0.00997892
0.1679733
-0.4605173
0.8659776
0.09895281
-0.08387733
1.224855
-0.009850323
0.1631757
-0.4578221
0.8684864
0.09748864
-0.08616589
1.225758
-0.01020867
0.1586283
-0.4531981
0.8719027
0.09609516
-0.08825605
1.227881
-0.01115662
0.1554035
-0.4485318
0.8748591
0.09638803
-0.09058285
1.229429
-0.01211798
0.1535594
-0.4450922
0.877063
0.09525271
-0.09316483
1.233259
-0.01447782
0.1560755
-0.4431127
0.8780154
0.09154575
-0.09550919
1.236266
-0.01625776
0.1576533
-0.4405996
0.8793683
0.0879141
-0.09782314
1.240867
-0.01895255
0.1613842
-0.4351204
0.8819999
0.08186332
-0.1013291
1.245835
-0.02168396
0.1647874
-0.4276794
0.8856514
0.07454519
-0.1038079
1.252017
-0.02516508
0.1704647
-0.4212821
0.8882506
0.0668874
-0.1061574
1.257526
-0.02871475
0.1757396
-0.4146633
0.8907908
0.06051352
-0.1086325
1.264054
-0.0330058
0.1822778
-0.4060647
0.8938853
0.05343558
-0.1109135
1.270997
-0.03751332
0.1902516
-0.3958081
0.8972571
0.04549703
-0.1128434
1.278017
-0.04281723
0.1986
-0.3856829
0.9002146
0.0376891
-0.1147765
1.284762
-0.04804072
0.2067499
-0.3760992
0.9027147
0.03016743
-0.1166108
1.291872
-0.05442324
0.2167163
-0.3658644
0.9047909
0.02303833
-0.1181296
1.298993
-0.0609532
0.2286581
-0.3548624
0.9063711
0.0167223
-0.1195236
1.306
-0.06770679
0.2420813
-0.3439106
0.9071947
0.0109476
-0.1208398
1.312884
-0.07455486
0.2565952
-0.3329923
0.9073312
0.005021231
-0.1222377
1.319626
-0.08119255
-0.2703063
0.3222807
-0.9072311
0.001170857
-0.123434
1.32615
-0.08802921
-0.2848336
0.3120207
-0.9063433
0.007404146
-0.1245619
1.332428
-0.09480739
-0.2985415
0.3010258
-0.9055821
0.01332301
-0.1255501
1.338328
-0.1014955
-0.3120313
0.2894701
-0.9047071
0.01867197
-0.1263645
1.343801
-0.1079966
-0.3258108
0.2791618
-0.90298
0.02330233
-0.128057
1.349032
-0.1147867
-0.3384427
0.2692824
-0.9012094
0.02766368
-0.1286206
1.353517
-0.120675
-0.3535183
0.2623797
-0.897344
0.03090983
-0.1289426
1.357469
-0.1260214
-0.3678859
0.2577196
-0.8928173
0.03343501
-0.1287345
1.361132
-0.1320535
-0.380312
0.2518693
-0.8892246
0.03470363
-0.1285677
1.364101
-0.1365775
-0.3903608
0.2457404
-0.8865683
0.03502503
-0.1308703
1.367195
-0.1425388
-0.4003414
0.2387275
-0.8840057
0.0356368
-0.1301058
1.369287
-0.1471102
-0.4058382
0.2324826
-0.8832945
0.03221986
-0.1293576
1.37076
-0.1505706
-0.4100384
0.2269261
-0.8829576
0.02754951
-0.1284739
1.372528
-0.154337
-0.416063
0.2221961
-0.8814399
0.02416992
-0.1270747
1.373542
-0.1568216
-0.4194949
0.2205023
-0.880371
0.01870108
-0.1255074
1.374225
-0.1582224
-0.4225714
0.2206796
-0.8789167
0.01547214
-0.1237171
1.374673
-0.1589333
-0.4249431
0.2216064
-0.8775715
0.01349636
-0.1215707
1.37472
-0.1593998
-0.4259537
0.2228144
-0.8768035
0.01152967
-0.1195966
1.374784
-0.1596403
-0.4268784
0.2240444
-0.8760628
0.009636599
-0.1170402
1.373986
-0.1585552
-0.4260485
0.2262136
-0.8759345
0.006990058
-0.1141948
1.373088
-0.1578809
-0.4239307
0.2287449
-0.8763266
0.003194886
-0.1114022
1.371464
-0.1558095
0.421061
-0.2337074
0.8764064
0.0006459354
-0.1084029
1.369363
-0.1527061
0.4176833
-0.2398902
0.8763431
0.004033865
-0.1053145
1.366804
-0.1494407
0.4127955
-0.246412
0.8768265
0.007501119
-0.1023718
1.364459
-0.146228
0.4077631
-0.2528279
0.877319
0.01089097
-0.09923993
1.360942
-0.1409477
0.4000326
-0.262148
0.8780808
0.01504538
-0.09591663
1.357373
-0.1360871
0.3913187
-0.2704692
0.8794007
0.01924922
-0.09269753
1.353512
-0.1307331
0.3811948
-0.2774618
0.8815753
0.02302992
-0.08963101
1.348978
-0.1241086
0.3699802
-0.285299
0.8837556
0.02636606
-0.0861761
1.344905
-0.119117
0.3586899
-0.2936912
0.8855584
0.02955337
-0.08312131
1.340328
-0.1131927
0.348121
-0.3024302
0.8867225
0.032726
-0.08025962
1.33455
-0.1053206
0.33694
-0.3119273
0.8876294
0.03587393
-0.07718039
1.329223
-0.09905934
0.3281957
-0.3198745
0.8879911
0.03794365
-0.07424015
1.323733
-0.0927124
0.3202156
-0.3288798
0.8874663
0.04127674
-0.07147262
1.31724
-0.08485448
0.3134348
-0.3416194
0.8848684
0.04541754
-0.06853978
1.310383
-0.07818407
0.3074613
-0.3553559
0.8813664
0.04881714
-0.06552064
1.304096
-0.07122207
0.3007009
-0.3677891
0.8784928
0.05060282
-0.06245063
1.297546
-0.06371829
0.2927102
-0.3778718
0.8768858
0.05103897
-0.05870466
1.29171
-0.0578199
0.2837526
-0.3874792
0.8755591
0.05235066
-0.05549046
1.285183
-0.0513612
0.2753565
-0.3964718
0.8741124
0.05400449
-0.05236001
1.278347
-0.04533467
0.266652
-0.404531
0.87286
0.05802386
-0.04890266
1.27177
-0.04035306
0.2576588
-0.4110932
0.8720091
0.06491961
-0.0459027
1.265099
-0.03477585
0.2489382
-0.4182812
0.8707032
0.07033189
-0.04293145
1.258566
-0.02971876
0.2399248
-0.4252959
0.8692811
0.07687648
-0.03967528
1.25191
-0.02505219
0.2306664
-0.4316142
0.8681534
0.0825339
-0.03670506
1.245777
-0.02032563
0.2215889
-0.4370129
0.8672963
0.08783678
-0.03396299
1.240517
-0.01691464
0.2123838
-0.4397715
0.8675655
0.09393793
-0.03121199
1.23579
-0.01364586
0.2045968
-0.4423937
0.867415
0.1000962
-0.02888185
1.231431
-0.01117522
0.1986876
-0.4447857
0.8667076
0.1072703
-0.02656581
1.227177
-0.008708268
0.1936644
-0.4485004
0.8650453
0.1141847
-0.02459498
1.224041
-0.006546021
0.1918439
-0.4519176
0.8627687
0.1208161
-0.02266082
1.221819
-0.005714595
0.1910138
-0.4532334
0.8614507
0.126475
-0.02097246
1.220526
-0.005434185
0.1903225
-0.4528326
0.8611394
0.1309919
-0.01935972
1.219337
-0.005127877
0.1889968
-0.4521382
0.8611231
0.1353456
-0.01828289
1.219981
-0.006005108
0.1892381
-0.4490024
0.8621705
0.1387365
-0.01743174
1.221569
-0.007397354
0.1905224
-0.4445876
0.863758
0.1412983
-0.01651052
1.223061
-0.00859347
0.1921548
-0.4408821
0.8649493
0.1433954
-0.01621327
1.227516
-0.01113823
0.1972509
-0.4351861
0.8668371
0.1424733
-0.01571533
1.230903
-0.01301676
0.2003074
-0.4288168
0.8693149
0.1424244
-0.01588051
1.236279
-0.01576626
0.2045674
-0.4179499
0.8740652
0.139571
-0.01637259
1.242477
-0.01886481
0.2098383
-0.4076318
0.8783984
0.1349829
-0.01719746
1.249331
-0.02225956
0.2174208
-0.3996246
0.8813494
0.1274816
-0.01788087
1.255828
-0.02551022
0.2256211
-0.3933236
0.8831982
0.1198023
-0.01915351
1.263552
-0.02945372
0.2382485
-0.3868284
0.8843128
0.1076676
-0.02092151
1.271387
-0.03364784
0.2532275
-0.3806794
0.8843059
0.09466826
-0.02309883
1.279127
-0.03787315
0.2683967
-0.3766253
0.8827835
0.08252251
-0.02525817
1.286492
-0.0420005
0.2818183
-0.3714398
0.8817609
0.07147475
-0.02812089
1.29401
-0.04643086
0.2956476
-0.3656763
0.8804989
0.05995914
-0.03149214
1.30118
-0.05105942
0.3080844
-0.3581499
0.8800114
0.04891472
-0.03447513
1.307984
-0.05539837
0.3195621
-0.3506855
0.8794245
0.03889066
-0.03796074
1.314258
-0.05976382
0.330948
-0.3435015
0.8784001
0.02989228
-0.04129732
1.320323
-0.06398976
0.3417065
-0.3371052
0.8770106
0.02119142
-0.04474437
1.326023
-0.06817099
0.351955
-0.3305495
0.8756133
0.01288637
-0.04853281
1.330379
-0.07227713
0.3608728
-0.3246822
0.874247
0.006677146
-0.05198522
1.334534
-0.07632363
0.3684565
-0.3200344
0.8728214
0.0008004686
-0.05541779
1.33812
-0.08045429
-0.3747663
0.3144607
-0.8721508
0.004221586
-0.05913386
1.341669
-0.08738548
-0.3795751
0.309823
-0.8717163
0.006573687
-0.06559233
1.346617
-0.08556521
-0.3865642
0.3039386
-0.8706827
0.01005729
-0.06888613
1.349085
-0.08947384
-0.39397
0.2994165
-0.8688895
0.01297855
-0.07295637
1.350855
-0.09314972
-0.4025555
0.2956382
-0.8661934
0.01600518
-0.07560605
1.350891
-0.096533
-0.4112298
0.2966143
-0.8617591
0.01677168
-0.07839698
1.35173
-0.09990311
-0.4194147
0.2963682
-0.8578529
0.01858759
-0.08082384
1.351476
-0.1030625
-0.4273765
0.2982745
-0.8532379
0.01914851
-0.08247709
1.351608
-0.1068541
-0.4316834
0.2992519
-0.8507708
0.01693349
-0.08466558
1.350921
-0.1094064
-0.4351215
0.2992854
-0.8490188
0.01626905
-0.08654095
1.34854
-0.1110316
-0.4339995
0.2989965
-0.8497577
0.01254774
-0.0884513
1.345487
-0.1113394
-0.4320472
0.2983526
-0.8510282
0.008482789
-0.08984479
1.342724
-0.1120436
-0.4285947
0.301263
-0.8517747
0.005203404
-0.09142503
1.34001
-0.1123741
-0.4257689
0.3043895
-0.8520923
0.002566381
-0.09246734
1.336095
-0.1121387
0.419567
-0.3077222
0.8539732
0.0006959079
-0.09346092
1.3321
-0.1112405
0.4117398
-0.3122863
0.8561154
0.003768396
-0.09440848
1.328104
-0.1100298
0.4046799
-0.3166599
0.8578522
0.007096895
-0.09508081
1.322872
-0.1080528
0.3943838
-0.3212635
0.8608881
0.01108086
-0.09593973
1.318398
-0.106716
0.3862308
-0.3249399
0.8631455
0.01482162
-0.09678215
1.31353
-0.1047184
0.3780427
-0.3289426
0.8651891
0.01812014
-0.0973946
1.308436
-0.1023904
0.3703142
-0.3347184
0.866268
0.02027103
-0.09796475
1.302679
-0.09990913
0.3643554
-0.3433318
0.8653581
0.02288615
-0.09882294
1.29616
-0.09551221
0.3592738
-0.3535068
0.8632671
0.02693138
-0.09939641
1.290071
-0.09259939
0.3545735
-0.3628353
0.861156
0.03222726
-0.1000608
1.284266
-0.08981949
0.3491904
-0.3696179
0.8602907
0.036724
-0.100927
1.277652
-0.08466083
0.3419769
-0.3744405
0.860963
0.03986077
-0.1014277
1.272308
-0.08127707
0.3329526
-0.376676
0.8634637
0.04108858
-0.1019362
1.267153
-0.07810014
0.3243805
-0.3781478
0.8660771
0.04113516
-0.1021497
1.262369
-0.07479262
0.3161705
-0.3798632
0.8683968
0.04033865
-0.1027443
1.257436
-0.0716829
0.3111486
-0.3826328
0.8689741
0.04077715
-0.1034808
1.253165
-0.06902626
0.3088044
-0.3872979
0.8676601
0.04249835
-0.1037902
1.248934
-0.06575876
0.3057724
-0.3927574
0.8661806
0.04445237
-0.104065
1.245436
-0.06408703
0.3042735
-0.3973337
0.8645576
0.04564826
-0.1043931
1.243188
-0.06223723
0.3018653
-0.3978199
0.8651769
0.045668
-0.1041191
1.241046
-0.06089947
0.2983651
-0.3972874
0.8666331
0.04569524
-0.1041907
1.240301
-0.05978715
0.2957895
-0.3942907
0.8689184
0.04499297
-0.1042331
1.240298
-0.05910572
0.2953365
-0.3912991
0.8704473
0.0445299
-0.1036997
1.241368
-0.0593248
0.2970545
-0.3890342
0.8708874
0.04434262
-0.1035244
1.242056
-0.05903706
0.2996709
-0.3871201
0.8708795
0.04363805
-0.1031504
1.243414
-0.05904505
0.3034386
-0.3855397
0.8703602
0.0419208
-0.1016191
1.247361
-0.06061649
0.3103808
-0.3829567
0.869256
0.03744337
-0.1004893
1.251191
-0.06190792
0.3156462
-0.3786782
0.8693889
0.03366309
-0.09940138
1.254418
-0.06311813
0.3205379
-0.3743318
0.8695746
0.03116405
-0.09736615
1.258753
-0.06533569
0.3270127
-0.3701549
0.8690011
0.02975412
-0.09556764
1.263115
-0.06772617
0.3351801
-0.3670481
0.8672373
0.02880135
-0.09339346
1.267946
-0.07060608
0.3448911
-0.3639458
0.8647209
0.0291794
-0.0912815
1.272332
-0.07350829
0.3520334
-0.3607323
0.8631982
0.02887344
-0.0889893
1.277003
-0.07610565
0.3587085
-0.3572177
0.8618775
0.02984763
-0.08660409
1.281789
-0.07868034
0.3631632
-0.3514969
0.8623096
0.03137706
-0.0840582
1.286865
-0.08225465
0.3658925
-0.3437856
0.8641878
0.03336899
-0.08159247
1.291756
-0.08477193
0.3672268
-0.3356999
0.8667128
0.03548385
-0.07922564
1.296489
-0.08714193
0.369113
-0.3291195
0.8683795
0.03678471
-0.07683261
1.301244
-0.08942854
0.370935
-0.3235542
0.8696483
0.03783963
-0.07434112
1.305893
-0.091528
0.3720458
-0.3205868
0.8702392
0.03859835
-0.07190646
1.310349
-0.09353161
0.3724697
-0.3183434
0.8708512
0.03926795
-0.07005547
1.315263
-0.09516734
0.3723045
-0.3130529
0.8727151
0.04190036
-0.06803417
1.319404
-0.09725147
0.3725894
-0.3076145
0.8744254
0.04394073
-0.06628343
1.323149
-0.09915781
0.3728836
-0.3026761
0.8758702
0.0468653
-0.06391889
1.326994
-0.1010321
0.3738502
-0.29901
0.8766125
0.04878111
-0.06243998
1.330346
-0.1024972
0.3753381
-0.2965342
0.8768049
0.04900952
-0.0610496
1.33323
-0.103704
0.3767076
-0.2954158
0.8767314
0.04650767
-0.06029055
1.335651
-0.1035362
0.378279
-0.2933013
0.876819
0.04547312
-0.05929838
1.337814
-0.1047172
0.3806887
-0.2937731
0.8756899
0.04405301
-0.05859546
1.339496
-0.1057966
0.3837566
-0.2935443
0.8744022
0.04453643
-0.05802457
1.340775
-0.1068476
0.3862972
-0.2923722
0.8735999
0.04600205
-0.05737069
1.342184
-0.1081964
0.3877815
-0.2919192
0.8730372
0.0470625
-0.05711734
1.343152
-0.10874
0.3882975
-0.291831
0.87278
0.04811135
-0.05703875
1.343836
-0.1090063
0.3875379
-0.2915384
0.8731928
0.04851754
-0.05778386
1.343436
-0.1081963
0.3832174
-0.2889598
0.8760516
0.04669393
-0.05800682
1.343556
-0.1089856
0.3790573
-0.2870886
0.8786299
0.04364881
-0.05869855
1.343239
-0.1084547
0.3772123
-0.2868332
0.8795823
0.04210063
-0.05927548
1.342786
-0.1090709
0.3752589
-0.2881353
0.8800429
0.04102816
-0.06045131
1.341681
-0.1081779
0.3739356
-0.2889034
0.8803676
0.04074315
-0.0616581
1.340313
-0.108157
0.37301
-0.2903431
0.8802919
0.04062778
-0.06343442
1.33826
-0.1075767
0.3721094
-0.2899209
0.8808863
0.03898613
-0.06532109
1.336394
-0.1065628
0.3709597
-0.2895484
0.8815638
0.03736249
-0.0675496
1.334121
-0.1050224
0.3705341
-0.2892386
0.8819208
0.03551218
-0.0697802
1.331732
-0.10438
0.3714351
-0.2912003
0.8809505
0.03412646
-0.0721319
1.329301
-0.1036321
0.3734149
-0.2942302
0.879118
0.03378482
-0.07532334
1.325986
-0.1009649
0.3749156
-0.2969766
0.8775942
0.03273625
-0.07772735
1.323633
-0.09973615
0.3755832
-0.2987283
0.8767973
0.03041658
-0.08018738
1.321347
-0.09830511
0.3755045
-0.2996697
0.8766084
0.027427
-0.08295006
1.319221
-0.09633487
0.3748634
-0.2991483
0.8771874
0.02302021
-0.08558095
1.316932
-0.09482175
0.3741967
-0.2995249
0.8774672
0.01769725
-0.08814941
1.314594
-0.093328
0.3746687
-0.301759
0.8765681
0.01389887
-0.09077311
1.312071
-0.09154564
0.3756278
-0.3050206
0.875064
0.01136172
-0.09320678
1.309685
-0.08988321
0.3762744
-0.3082765
0.8736715
0.009015866
-0.09537454
1.30736
-0.08790118
0.3759258
-0.3127337
0.8722549
0.006984727
-0.09723921
1.305231
-0.0858134
0.3733471
-0.3154674
0.8723972
0.003927175
-0.09896466
1.303276
-0.08383244
0.3688299
-0.3157662
0.8742175
0.000345267
-0.1007958
1.301145
-0.08127224
-0.3639955
0.316036
-0.8761413
0.002214155
-0.1025642
1.299151
-0.07911146
-0.3602793
0.317036
-0.8773091
0.003957414
-0.1038876
1.297443
-0.07757324
-0.3566564
0.3182102
-0.8783634
0.004032018
-0.1050358
1.29599
-0.07620102
-0.3541372
0.3201573
-0.8786759
0.003840853
-0.1059583
1.294829
-0.0750089
-0.3517412
0.322557
-0.878759
0.004205672
-0.1068797
1.293742
-0.07388106
-0.3489682
0.3243512
-0.8791991
0.005131311
-0.1079007
1.292865
-0.07227531
-0.3455316
0.3238952
-0.8807136
0.006591797
-0.108341
1.292855
-0.07250217
-0.3430246
0.3223106
-0.8822764
0.006201604
-0.1089594
1.292563
-0.07242596
-0.3416398
0.3225677
-0.8827236
0.005607268
-0.1092652
1.292908
-0.07295847
-0.3422531
0.3231027
-0.8822977
0.004274204
-0.1094018
1.293653
-0.07372192
-0.3432581
0.323182
-0.8818817
0.003467742
-0.1094312
1.294819
-0.07476082
-0.3436238
0.3215686
-0.8823299
0.003211169
-0.1096368
1.295781
-0.07501045
-0.3429298
0.3195487
-0.8833337
0.003085749
-0.1095382
1.298055
-0.07704973
-0.3426807
0.3147056
-0.8851714
0.001459749
-0.1095842
1.29993
-0.07868207
0.3426516
-0.3115625
0.8862948
0.0005725605
-0.1097936
1.302046
-0.0800994
0.3430048
-0.3084525
0.8872418
0.002600986
-0.1094755
1.305729
-0.08248651
0.3452158
-0.303705
0.8880139
0.004551112
-0.109181
1.308957
-0.08444422
0.3471968
-0.2993312
0.8887249
0.004815206
-0.1085964
1.313047
-0.08662093
0.350823
-0.294358
0.8889729
0.001926237
-0.1079172
1.317269
-0.08882409
-0.3556182
0.2914007
-0.8880402
0.002413784
-0.1072713
1.321209
-0.0910098
-0.3602489
0.2894582
-0.8867975
0.004994452
-0.1064188
1.325398
-0.09346086
-0.366183
0.2873003
-0.8850604
0.006064327
-0.1052841
1.329483
-0.09594029
-0.371909
0.2841744
-0.8836867
0.005138566
-0.1042486
1.333305
-0.09814227
-0.3764447
0.2817393
-0.882545
0.005170366
-0.1028091
1.337041
-0.1001089
-0.3805011
0.280136
-0.8813093
0.006063099
-0.1028395
1.340386
-0.09817266
-0.3838504
0.2777365
-0.8805953
0.008563213
-0.101352
1.343678
-0.09980345
-0.3872185
0.2756339
-0.8797609
0.0104204
-0.09957173
1.346309
-0.1011233
-0.3898773
0.2751824
-0.8787116
0.01167863
-0.09826508
1.347891
-0.1011118
-0.3922087
0.2751473
-0.8776886
0.01136304
-0.09638694
1.349283
-0.1020103
-0.3939125
0.2757582
-0.8767604
0.009027428
-0.09306341
1.350726
-0.1036772
-0.3956059
0.2768652
-0.8756805
0.005033088
-0.09113039
1.351225
-0.1033565
-0.395147
0.2793819
-0.8751013
0.001548899
-0.08914553
1.351823
-0.1033885
0.3936379
-0.2809364
0.8752827
0.002024307
-0.08732074
1.351383
-0.1026992
0.3868095
-0.2798408
0.8786512
0.006293432
-0.08557804
1.350969
-0.1025948
0.381542
-0.2797948
0.8809495
0.008277413
-0.08422692
1.350477
-0.1015614
0.3752989
-0.2797792
0.8836042
0.01086357
-0.083349
1.349164
-0.09940648
0.3685062
-0.2813409
0.8859419
0.01254774
-0.08254203
1.347494
-0.09765077
0.3634283
-0.283264
0.8874208
0.01286786
-0.08169186
1.346247
-0.09599882
0.3595842
-0.2852441
0.8883374
0.01384624
-0.08123782
1.344561
-0.09426254
0.3567635
-0.2885046
0.888414
0.01433586
-0.0808195
1.343044
-0.09281409
0.3540773
-0.2928144
0.8880715
0.01476496
-0.08051828
1.341212
-0.09105837
0.350952
-0.2956423
0.8883653
0.01534837
-0.08062959
1.339063
-0.08941376
0.3478647
-0.2966174
0.889238
0.0162482
-0.08063331
1.337344
-0.08853
0.3446728
-0.2963399
0.8905305
0.01840633
-0.08080393
1.335359
-0.08710319
0.3420721
-0.296138
0.891562
0.02015307
-0.08085917
1.333613
-0.08614737
0.3410712
-0.2958345
0.8920227
0.02116363
-0.081037
1.332307
-0.08534044
0.3426254
-0.2981037
0.8906938
0.02016526
-0.08125708
1.330679
-0.08401781
0.342919
-0.3008989
0.8896646
0.0190633
-0.08130792
1.329477
-0.08352363
0.3435364
-0.3037159
0.8884916
0.01794807
-0.08174327
1.328411
-0.08289135
0.3435967
-0.3045168
0.8881869
0.01830322
-0.08230543
1.327011
-0.08194578
0.3437136
-0.3047661
0.888036
0.01925502
-0.0827383
1.326136
-0.08172727
0.3443327
-0.3048589
0.8877376
0.02044887
-0.08328481
1.325376
-0.08094114
0.3444894
-0.30611
0.8872516
0.02020845
-0.08379194
1.324644
-0.07989454
0.3443292
-0.3072052
0.8869637
0.01891814
-0.08428015
1.324393
-0.07882333
0.3432842
-0.307346
0.8873802
0.01583812
-0.08471197
1.324405
-0.07793003
0.342014
-0.3067868
0.8881138
0.01273516
-0.08510897
1.324057
-0.07713538
0.3414364
-0.3070994
0.8882511
0.01100598
-0.08512115
1.3241
-0.07736331
0.3420048
-0.30771
0.8878316
0.01011785
-0.08528681
1.323797
-0.07711047
0.3432297
-0.3088365
0.8869746
0.009456313
-0.08542433
1.323444
-0.07684314
0.3440887
-0.3102853
0.8861396
0.009089117
-0.0854643
1.323143
-0.07683164
0.3447576
-0.3114204
0.8854761
0.009576881
-0.08541311
1.322954
-0.07686889
0.3443824
-0.3114227
0.8856084
0.0106998
-0.08537589
1.323049
-0.07682198
0.3432677
-0.310814
0.8862467
0.01134663
-0.08512574
1.323207
-0.07703394
0.3411448
-0.3088476
0.8877458
0.01186596
-0.0849366
1.323267
-0.07726663
0.3402619
-0.3083755
0.8882512
0.01167416
-0.08480901
1.323251
-0.07751119
0.3400966
-0.3086894
0.8882077
0.01150055
-0.08462447
1.323231
-0.07795072
0.3411647
-0.3100086
0.8873345
0.01178469
-0.08774984
1.320521
-0.07205346
0.3423703
-0.3103135
0.886785
0.01002241
-0.08770795
1.320349
-0.07228822
0.3434968
-0.3108766
0.8861434
0.01074912
-0.08568195
1.321173
-0.07488072
0.3450047
-0.3115006
0.8853084
0.01296764
-0.08550657
1.321053
-0.07515854
0.3454616
-0.3113873
0.8851526
0.01411167
-0.08535162
1.320956
-0.07536197
0.3455943
-0.311302
0.8851171
0.01494601
-0.08518033
1.320927
-0.07545108
0.3445342
-0.3109905
0.8856396
0.01495449
-0.08502437
1.320851
-0.07554907
0.3437028
-0.3099751
0.8863251
0.01455301
-0.08483204
1.320714
-0.07562196
0.3433988
-0.3100799
0.8864062
0.01455148
-0.08464253
1.320428
-0.07563281
0.3432922
-0.3110088
0.8861174
0.01483092
-0.0840406
1.321038
-0.07660335
0.3433224
-0.3116796
0.8858435
0.01634193
-0.08389732
1.320756
-0.07667822
0.3431438
-0.3121502
0.8857223
0.01762596
-0.08324826
1.321244
-0.07884979
0.3429232
-0.3118705
0.8858707
0.01932763
-0.08323479
1.321086
-0.07887298
0.3421085
-0.3111719
0.8864131
0.02013938
-0.08324337
1.321017
-0.0788269
0.3411683
-0.3104643
0.8870263
0.02001097
-0.08284336
1.321431
-0.07993352
0.3409074
-0.3100575
0.8872874
0.01917165
-0.08282202
1.321394
-0.07989043
0.3410895
-0.3101972
0.887193
0.01800775
-0.08283944
1.321289
-0.07991505
0.341769
-0.3104523
0.886857
0.01726292
-0.08285998
1.321149
-0.07995439
0.3424926
-0.310872
0.8864325
0.01717161
-0.08265911
1.321413
-0.08055794
0.3430021
-0.3115343
0.8859869
0.01797752
-0.0826661
1.321275
-0.08061451
0.3431906
-0.3118937
0.8857821
0.01823757
-0.08244456
1.321415
-0.08137065
0.34283
-0.3111318
0.8861789
0.01875399
